accuracy: 0.11
f1: 0.15879
precision: 0.08642
recall: 0.97674
