accuracy: 0.92
f1: 0.375
precision: 0.57143
recall: 0.27907
