accuracy: 0.09
f1: 0.15896
precision: 0.08635
recall: 1.0
