accuracy: 0.504
f1: 0.23457
precision: 0.13523
recall: 0.88372
